timestamps:
  login: 1379622569312
  logout: 1379623249914
  lastteleport: 1379623225063
ipAddress: 99.75.60.130
lastlocation:
  world: Midgard
  x: -157.51965934561156
  y: 72.0
  z: 1656.9951736751536
  yaw: 131.69028
  pitch: 9.600036
money: '0.0'
logoutlocation:
  world: Midgard
  x: -33.39132554603047
  y: 194.5
  z: -105.44274431343399
  yaw: -260.11148
  pitch: 25.499989
