timestamps:
  login: 1379135104437
  logout: 1379136056387
ipAddress: 70.196.129.137
lastlocation:
  world: world
  x: 55.5
  y: 82.0
  z: 241.5
  yaw: 0.0
  pitch: 0.0
money: '0.0'
logoutlocation:
  world: Midgard
  x: -283.407335742904
  y: 66.0
  z: 170.30000001192093
  yaw: 116.98786
  pitch: 16.949953
