timestamps:
  login: 1381539529496
  lastteleport: 1379799935792
  logout: 1381541272824
  kits:
    tools: 1377555830345
ipAddress: 24.242.115.81
afk: false
lastlocation:
  world: Midgard
  x: -40.5
  y: 195.0
  z: -106.5
  yaw: 179.53833
  pitch: 4.0499983
logoutlocation:
  world: Midgard
  x: -1128.0502441751842
  y: 106.0
  z: -3867.269786701003
  yaw: 280.63922
  pitch: 8.400327
money: '0.0'
homes:
  home:
    world: Midgard
    x: -3825.54867554349
    y: 229.5288213436772
    z: -2859.5009102491217
    yaw: 92.088135
    pitch: 53.399998
  temp:
    world: Midgard
    x: 437.6875441821842
    y: 64.0
    z: -1243.0511823667289
    yaw: 346.492
    pitch: 15.149932
  forge:
    world: Midgard
    x: 213.65362314595475
    y: 17.0
    z: -982.9759063700578
    yaw: -1.5732422
    pitch: 10.350407
