timestamps:
  login: 1381100805442
  lastteleport: 1380465421307
  logout: 1381101258001
ipAddress: 108.0.177.179
lastlocation:
  world: Midgard
  x: -1770.4386518991125
  y: 64.0
  z: -761.0925069203294
  yaw: 154.02171
  pitch: -6.324987
money: '0.0'
logoutlocation:
  world: Midgard
  x: -1969.9397321085717
  y: 72.0
  z: -846.2598889563036
  yaw: -166.50148
  pitch: 7.022171
homes:
  home:
    world: Midgard
    x: -1859.1000816914711
    y: 79.0
    z: -1149.1922411062696
    yaw: 32.144947
    pitch: 15.332456
nickname: thorneberry
