timestamps:
  login: 1378040045009
  logout: 1378046900829
  lastteleport: 1377884231273
ipAddress: 69.92.79.14
lastlocation:
  world: Midgard
  x: -421.058541530412
  y: 65.0
  z: -746.5084695330047
  yaw: -92.25354
  pitch: 9.299973
logoutlocation:
  world: Midgard
  x: -369.7101932409979
  y: 64.0
  z: -719.2991566179785
  yaw: -137.70581
  pitch: 46.350002
homes:
  home:
    world: Midgard
    x: -393.5520637461886
    y: 64.0
    z: -746.2951464869951
    yaw: 173.5429
    pitch: 23.399979
money: '25.0'
