timestamps:
  login: 1384711197411
  lastteleport: 1384712159594
  logout: 1384712465047
ipAddress: 24.24.240.156
lastlocation:
  world: Midgard
  x: -1892.1240509756724
  y: 73.0
  z: -871.7948408663602
  yaw: 245.07266
  pitch: 52.57504
money: '63.0'
logoutlocation:
  world: Midgard
  x: -1778.023707158202
  y: 70.0
  z: -787.4849665688025
  yaw: -284.90402
  pitch: 89.73644
nickname: PygmySmasher
