timestamps:
  login: 1380063624180
  logout: 1379649902416
  lastteleport: 1379645527364
ipAddress: 173.217.36.133
logoutlocation:
  world: Midgard
  x: -1102.9960437401878
  y: 142.0
  z: 4594.312401325443
  yaw: -109.64209
  pitch: 90.0
lastlocation:
  world: Midgard
  x: -714.639737505104
  y: 113.0
  z: -392.09833999026404
  yaw: -91.07437
  pitch: 20.250074
homes:
  home:
    world: Midgard
    x: -401.2084467134947
    y: 69.0
    z: 3608.1586144095027
    yaw: -295.4922
    pitch: 73.200005
money: '53.0'
nickname: Sam
