timestamps:
  login: 1379148361326
  logout: 1379148981330
ipAddress: 50.89.142.161
lastlocation:
  world: world
  x: 57.5
  y: 81.0
  z: 244.5
  yaw: 0.0
  pitch: 0.0
logoutlocation:
  world: Midgard
  x: -40.50038531178143
  y: 195.0
  z: -106.56234014336816
  yaw: 179.53833
  pitch: 11.549998
money: '0.0'
