spawns: 
  default: 
    world: Midgard
    x: -40.50038531178143
    y: 195.0
    z: -106.56234014336816
    yaw: 179.53833
    pitch: 4.0499983
  wraith: 
    world: Dormin
    x: 95.32583663115989
    y: 30.0
    z: -57.583189840768384
    yaw: -250.95059
    pitch: 9.750023
