world: Dormin
x: -255.45449661115816
y: 39.0
z: -260.20135502285507
yaw: 1.6511139
pitch: 8.249967
name: Dormin
